513
430
529
387
164
716
176
189
183
51
129
649
312
367
311
346
519
695
688
295
650
444
610
86
2707
528
648
28755
14927
771
473
599
416
66
457
392
674
694
624
635
415
2
732
551
260
67
9
110
669
503
772
534
2915
19651
31
83
472
107
463
522
700
418
541
37
366
149
600
108
550
334
742
490
702
676
527
768
290
275
72
554
703
810
657
500
692
96
314
508
77
80
817
306
102
454
43
270
147
428
71
29
502
697
698
234
553
257
483
501
27
523
386
198
301
811
288
646
539
30
406
255
711
414
380
388
1092
140
109
317
450
754
504
574
28
509
521
540
294
5
2699
173
331
434
87
659
175
201
316
494
460
441
466
287
562
419
194
2711
440
690
683
709
169
626
393
786
629
158
327
30024
370
603
81
328
244
248
736
23
48
157
148
153
352
536
739
796
559
497
631
47
272
654
630
563
587
735
590
756
8
459
193
794
261
748
254
94
285
813
207
400
556
579
305
26172
61
797
632
576
204
402
664
97
670
299
10411
758
651
371
253
1068
355
518
693
111
667
671
609
812
458
627
731
514
774
308
365
32
128
660
251
1004
180
1356
1157
718
432
678
482
172
196
474
101
1014
235
488
665
236
699
456
740
191
721
277
178
572
315
485
464
90
489
62
6
465
363
115
283
691
127
433
68
505
746
231
706
704
625
639
439
167
7
719
545
222
116
749
647
165
493
596
17
655
404
229
2743
782
1320
725
219
1104
617
361
99
220
498
104
792
136
391
663
14
340
156
202
446
471
381
342
369
606
28600
769
726
368
184
469
738
575
228
2678
249
302
310
